67
1.0000	0.0000	0.0000	0.4560
0.0000	1.0000	0.0000	0.7250
0.0000	0.0000	1.0000	-0.1500
1.0000	0.0000	0.0000	0.4560
0.0000	1.0000	0.0000	0.7258
0.0000	0.0000	1.0000	-0.1492
1.0000	0.0000	0.0000	0.4560
0.0000	1.0000	0.0000	0.7280
0.0000	0.0000	1.0000	-0.1470
1.0000	0.0000	0.0000	0.4560
0.0000	1.0000	0.0000	0.7318
0.0000	0.0000	1.0000	-0.1432
1.0000	0.0000	0.0000	0.4560
0.0000	1.0000	0.0000	0.7371
0.0000	0.0000	1.0000	-0.1379
1.0000	0.0000	0.0000	0.4560
0.0000	1.0000	0.0000	0.7439
0.0000	0.0000	1.0000	-0.1311
1.0000	0.0000	0.0000	0.4560
0.0000	1.0000	0.0000	0.7523
0.0000	0.0000	1.0000	-0.1227
1.0000	0.0000	0.0000	0.4560
0.0000	1.0000	0.0000	0.7621
0.0000	0.0000	1.0000	-0.1129
1.0000	0.0000	0.0000	0.4560
0.0000	1.0000	0.0000	0.7735
0.0000	0.0000	1.0000	-0.1015
1.0000	0.0000	0.0000	0.4560
0.0000	1.0000	0.0000	0.7863
0.0000	0.0000	1.0000	-0.0887
1.0000	0.0000	0.0000	0.4560
0.0000	1.0000	0.0000	0.8007
0.0000	0.0000	1.0000	-0.0743
1.0000	0.0000	0.0000	0.4560
0.0000	1.0000	0.0000	0.8166
0.0000	0.0000	1.0000	-0.0584
1.0000	0.0000	0.0000	0.4560
0.0000	1.0000	0.0000	0.8341
0.0000	0.0000	1.0000	-0.0409
1.0000	0.0000	0.0000	0.4560
0.0000	1.0000	0.0000	0.8530
0.0000	0.0000	1.0000	-0.0220
1.0000	0.0000	0.0000	0.4560
0.0000	1.0000	0.0000	0.8734
0.0000	0.0000	1.0000	-0.0016
1.0000	0.0000	0.0000	0.4560
0.0000	1.0000	0.0000	0.8954
0.0000	0.0000	1.0000	0.0204
1.0000	0.0000	0.0000	0.4560
0.0000	1.0000	0.0000	0.9189
0.0000	0.0000	1.0000	0.0439
1.0000	0.0000	0.0000	0.4560
0.0000	1.0000	0.0000	0.9250
0.0000	0.0000	1.0000	0.0500
1.0000	0.0000	0.0000	0.4560
0.0000	1.0000	-0.0085	0.9489
0.0000	0.0085	1.0000	0.0723
1.0000	0.0000	0.0000	0.4560
0.0000	0.9995	-0.0321	0.9712
0.0000	0.0321	0.9995	0.0901
1.0000	0.0000	0.0000	0.4560
0.0000	0.9977	-0.0678	0.9920
0.0000	0.0678	0.9977	0.1034
1.0000	0.0000	0.0000	0.4560
0.0000	0.9936	-0.1120	1.0113
0.0000	0.1120	0.9936	0.1121
1.0000	0.0000	0.0000	0.4560
0.0000	0.9866	-0.1606	1.0291
0.0000	0.1606	0.9866	0.1163
1.0000	0.0000	0.0000	0.4560
0.0000	0.9766	-0.2092	1.0454
0.0000	0.2092	0.9766	0.1159
1.0000	0.0000	0.0000	0.4560
0.0000	0.9642	-0.2538	1.0602
0.0000	0.2538	0.9642	0.1110
1.0000	0.0000	0.0000	0.4560
0.0000	0.9508	-0.2910	1.0734
0.0000	0.2910	0.9508	0.1015
1.0000	0.0000	0.0000	0.4560
0.0000	0.9386	-0.3186	1.0852
0.0000	0.3186	0.9386	0.0875
1.0000	0.0000	0.0000	0.4560
0.0000	0.9297	-0.3357	1.0954
0.0000	0.3357	0.9297	0.0689
1.0000	0.0000	0.0000	0.4560
0.0000	0.9263	-0.3416	1.1041
0.0000	0.3416	0.9263	0.0458
1.0000	0.0000	0.0000	0.4560
0.0000	0.9302	-0.3347	1.1113
0.0000	0.3347	0.9302	0.0182
1.0000	0.0000	0.0000	0.4560
0.0000	0.9420	-0.3113	1.1170
0.0000	0.3113	0.9420	-0.0140
1.0000	0.0000	0.0000	0.4560
0.0000	0.9606	-0.2646	1.1212
0.0000	0.2646	0.9606	-0.0507
1.0000	0.0000	0.0000	0.4560
0.0000	0.9818	-0.1859	1.1238
0.0000	0.1859	0.9818	-0.0920
1.0000	0.0000	0.0000	0.4560
0.0000	0.9975	-0.0701	1.1250
0.0000	0.0701	0.9975	-0.1378
1.0000	0.0000	0.0000	0.4560
0.0000	1.0000	0.0000	1.1250
0.0000	0.0000	1.0000	-0.1500
1.0000	-0.0000	0.0000	0.4560
0.0000	0.9997	0.0259	1.1246
-0.0000	-0.0259	0.9997	-0.1970
1.0000	-0.0000	0.0000	0.4560
0.0000	0.9999	0.0137	1.1235
-0.0000	-0.0137	0.9999	-0.2394
1.0000	0.0000	0.0000	0.4560
0.0000	0.9996	-0.0283	1.1216
0.0000	0.0283	0.9996	-0.2772
1.0000	0.0000	0.0000	0.4560
0.0000	0.9958	-0.0915	1.1189
0.0000	0.0915	0.9958	-0.3106
1.0000	0.0000	0.0000	0.4560
0.0000	0.9859	-0.1667	1.1155
0.0000	0.1667	0.9859	-0.3393
1.0000	0.0000	0.0000	0.4560
0.0000	0.9692	-0.2446	1.1114
0.0000	0.2446	0.9692	-0.3636
1.0000	0.0000	0.0000	0.4560
0.0000	0.9477	-0.3162	1.1064
0.0000	0.3162	0.9477	-0.3833
1.0000	0.0000	0.0000	0.4560
0.0000	0.9257	-0.3733	1.1008
0.0000	0.3733	0.9257	-0.3984
1.0000	0.0000	0.0000	0.4560
0.0000	0.9094	-0.4091	1.0943
0.0000	0.4091	0.9094	-0.4090
1.0000	0.0000	0.0000	0.4560
0.0000	0.9049	-0.4175	1.0871
0.0000	0.4175	0.9049	-0.4151
1.0000	0.0000	0.0000	0.4560
0.0000	0.9166	-0.3916	1.0792
0.0000	0.3916	0.9166	-0.4166
1.0000	0.0000	0.0000	0.4560
0.0000	0.9443	-0.3227	1.0705
0.0000	0.3227	0.9443	-0.4136
1.0000	0.0000	0.0000	0.4560
0.0000	0.9793	-0.1993	1.0610
0.0000	0.1993	0.9793	-0.4060
1.0000	0.0000	0.0000	0.4560
0.0000	1.0000	-0.0095	1.0508
0.0000	0.0095	1.0000	-0.3939
1.0000	-0.0000	0.0000	0.4560
0.0000	0.9679	0.2499	1.0398
-0.0000	-0.2499	0.9679	-0.3772
1.0000	-0.0000	0.0000	0.4560
0.0000	0.8307	0.5562	1.0281
-0.0000	-0.5562	0.8307	-0.3560
1.0000	-0.0000	0.0000	0.4560
0.0000	0.7072	0.7070	1.0250
-0.0000	-0.7070	0.7072	-0.3500
1.0000	-0.0000	0.0000	0.4560
0.0000	0.5886	0.8084	1.0131
-0.0000	-0.8084	0.5886	-0.3277
1.0000	-0.0000	0.0000	0.4560
0.0000	0.4751	0.8790	1.0019
-0.0000	-0.8790	0.4751	-0.3099
1.0000	-0.0000	0.0000	0.4560
0.0000	0.3754	0.9218	0.9915
-0.0000	-0.9218	0.3754	-0.2966
1.0000	-0.0000	0.0000	0.4560
0.0000	0.2970	0.9383	0.9818
-0.0000	-0.9383	0.2970	-0.2879
1.0000	-0.0000	0.0000	0.4560
0.0000	0.2466	0.9282	0.9729
-0.0000	-0.9282	0.2466	-0.2837
1.0000	-0.0000	0.0000	0.4560
0.0000	0.2301	0.8896	0.9648
-0.0000	-0.8896	0.2301	-0.2841
1.0000	-0.0000	0.0000	0.4560
0.0000	0.2525	0.8207	0.9574
-0.0000	-0.8207	0.2525	-0.2890
1.0000	-0.0000	0.0000	0.4560
0.0000	0.3160	0.7208	0.9508
-0.0000	-0.7208	0.3160	-0.2985
1.0000	-0.0000	0.0000	0.4560
0.0000	0.4179	0.5933	0.9449
-0.0000	-0.5933	0.4179	-0.3125
1.0000	-0.0000	0.0000	0.4560
0.0000	0.5485	0.4477	0.9398
-0.0000	-0.4477	0.5485	-0.3311
1.0000	-0.0000	0.0000	0.4560
0.0000	0.6903	0.3001	0.9354
-0.0000	-0.3001	0.6903	-0.3542
1.0000	-0.0000	0.0000	0.4560
0.0000	0.8204	0.1705	0.9318
-0.0000	-0.1705	0.8204	-0.3818
1.0000	-0.0000	0.0000	0.4560
0.0000	0.9183	0.0762	0.9290
-0.0000	-0.0762	0.9183	-0.4140
1.0000	-0.0000	0.0000	0.4560
0.0000	0.9747	0.0232	0.9269
-0.0000	-0.0232	0.9747	-0.4507
1.0000	-0.0000	0.0000	0.4560
0.0000	0.9963	0.0034	0.9256
-0.0000	-0.0034	0.9963	-0.4920
1.0000	-0.0000	0.0000	0.4560
0.0000	0.9999	0.0000	0.9250
-0.0000	-0.0000	0.9999	-0.5378
